1|ACCE|6.9882|44.476|1267.387
2|ACOR|-8.3989|43.364|11.893
3|AGDE|3.4664|43.296|15.804
4|AGNE|7.1396|45.468|2299.734
5|AIGE|6.1283|46.248|423.45
6|AJAC|8.7626|41.927|50.07
7|ALAC|-0.48123|38.339|9.874
8|ALPE|6.0835|45.087|1838.896
9|ALSN|8.6164|44.923|104.467
10|AMB2|3.7501|45.541|565.52
11|ANCY|6.1233|45.901|478.587
12|ARAN|5.4247|45.715|239.652
13|ARGR|7.0048|45.947|2781.292
14|AUBU|7.1967|48.217|1102.032
15|AXPV|5.3332|43.491|179.539
16|BACT|6.6496|44.388|1151.139
17|BAJA|7.7189|43.904|871.349
18|BANN|4.1563|44.369|306.264
19|BAST|9.0489|42.001|804.729
20|BAUB|3.967|43.877|160.265
21|BEA2|3.1367|42.515|57.932
22|BEVE|9.7692|44.194|99.047
23|BIEL|8.0481|45.561|429.869
24|BLGN|5.5741|46.172|494.463
25|BLIX|6.3667|43.874|1025.234
26|BOUS|2.2358|46.288|509.502
27|BRET|2.315|48.61|95.609
28|BRST|-4.4966|48.38|14.274
29|BSCN|5.9894|47.247|310.298
30|BUAN|5.3536|48.486|368.585
31|BUSL|7.1522|45.137|442.479
32|CAGL|8.9728|39.136|192.096
33|CAMN|8.2805|44.405|342.496
34|CANL|8.2928|44.722|160.88
35|CARZ|8.6802|46.042|1114.737
36|CBRY|5.9092|45.581|274.572
37|CERN|6.0606|46.257|475.531
38|CHAM|5.8811|45.111|1822.224
39|CHIV|9.3235|44.32|25.135
40|CHIZ|-0.4077|46.133|65.411
41|CHRN|4.8618|43.881|52.952
42|CHTL|6.3586|45.304|797.41
43|CLAP|6.9271|44.248|1315.985
44|CLFD|3.1111|45.761|422.861
45|COMO|9.0956|45.802|245.273
46|CORT|9.1529|42.299|448.481
47|CRAL|0.3672|43.128|606.704
48|CRSN|8.1058|45.192|165.976
49|CUOR|7.6477|45.388|430.615
50|DEMN|7.2926|44.316|809.551
51|DEVE|8.261|46.314|1626.778
52|DOMS|8.2863|46.119|313.464
53|EBRE|0.49236|40.821|57.615
54|EGLT|2.052|45.403|616.374
55|EOST|7.7625|48.58|164.88
56|ERCK|7.3642|48.873|247.272
57|ESAB|4.7979|45.307|157.166
58|ESCO|0.97567|42.694|2454.058
59|EZEV|7.4973|43.774|27.069
60|FCLZ|5.9857|45.643|1308
61|FERR|7.0283|45.867|2346.473
62|FJCP|2.7949|43.048|272.476
63|FLRC|3.5945|44.325|555.431
64|FOND|6.964|45.82|1451.52
65|GENO|8.9211|44.419|110.018
66|GENU|8.9593|44.403|81.864
67|GLRA|4.5241|44.839|762.199
68|GOPE|14.786|49.914|547.571
69|GOZZ|8.4334|45.747|367.419
70|GRAS|6.9206|43.755|1268.236
71|GRAZ|15.493|47.067|490.815
72|GRJF|1.514|45.303|408.828
73|GUIL|6.6619|44.662|1117.014
74|HERS|0.33627|50.867|31.354
75|JANU|6.71|44.91|2529.466
76|JOUX|5.7957|46.529|794.76
77|LACA|2.7276|43.681|1264.098
78|LAMP|12.606|35.5|19.657
79|LEBE|5.6246|45.916|890.503
80|LOAN|8.2504|44.119|22.53
81|LROC|-1.2193|46.159|10.133
82|LUCE|7.2682|47.438|692.004
83|LUCI|9.5309|42.386|14.589
84|LUMI|8.8274|42.603|8.04
85|LURI|9.476|42.888|5.177
86|MAKS|7.0315|47.923|1187.166
87|MAR2|7.0707|46.1222|591.8435
88|MARG|-65.695|77.187|650.468
89|MARS|5.3538|43.279|12.209
90|MATE|16.704|40.649|490.146
91|MDOR|4.809|45.799|280.422
92|MEDI|11.647|44.52|10.191
93|MICH|5.7174|43.924|577.391
94|MLVL|2.5873|48.841|115.872
95|MODA|6.7101|45.214|1127.973
96|MOGN|4.8029|46.148|183.404
97|MONC|7.9272|45.074|417.582
98|MONV|7.829|44.39|588.306
99|MRGE|7.0611|45.77|1668.998
100|MTPL|3.8648|43.637|69.993
101|NARB|2.9726|43.198|22.805
102|NICA|7.2273|43.703|206.919
103|NICE|7.3|43.725|377.705
104|NIME|4.3569|43.829|55.94
105|NOT1|14.99|36.876|84.657
106|NOVR|8.614|45.447|174.068
107|OGAG|6.5397|44.788|1302.381
108|OPME|3.0898|45.713|656.939
109|OPMT|2.3349|48.836|77.959
110|OSTA|7.1883|44.692|1255.52
111|PANA|2.3936|48.855|76.04
112|PARO|8.0811|44.446|801.783
113|PAVI|9.1361|45.203|102.064
114|PDOM|2.947917|45.772139|1466.8
115|PERP|2.8821|42.689|45.668
116|PIAA|8.6293|42.235|494.543
117|PIAN|9.0561|41.495|104.535
118|PIMI|0.14265|42.936|2869.679
119|PLOE|-3.4273|47.746|24.263
120|POTS|13.066|52.379|103.994
121|PQRL|6.2061|42.983|64.192
122|PRNY|6.3383|46.905|832.778
123|PUYA|6.479|44.858|1636.09
124|PUYV|3.8789|45.044|657.716
125|RABT|-6.8543|33.998|44.749
126|RIXH|7.378|47.733|317.449
127|ROSD|6.6282|45.691|1641.603
128|ROTG|-3.9657|48.718|5.274
129|RSTL|5.4837|43.941|1018.723
130|SARI|9.4025|41.858|8.862
131|SAVI|7.6607|44.648|331.391
132|SCDA|3.2675|44.795|1062.553
133|SCLP|4.4264|45.75|652.885
134|SCOP|9.1009|41.754|878.13
135|SERR|8.8531|44.731|207.946
136|SETE|3.6991|43.398|3.789
137|SFER|-6.2056|36.464|39.157
138|SIRT|2.2085|48.712|172.754
139|SJDV|4.6766|45.879|382.144
140|SLVT|3.2683|43.92|760.074
141|SMNE|2.425|48.844|81.652
142|SMTG|-2.0275|48.641|8.667
143|SOPH|7.0541|43.611|129.349
144|STEY|5.7618|45.235|1343.731
145|STJ9|7.6838|48.622|188.743
146|STMR|4.4216|43.449|6.15
147|STPS|3.294|46.308|250.691
148|STV2|6.1062|44.567|761.822
149|TENC|4.2875|45.125|884.076
150|TETN|-5.363|35.562|21.037
151|TLSE|1.4809|43.561|157.727
152|TORI|7.6613|45.063|261.174
153|TRMO|2.7248|44.285|759.14
154|TUDA|9.362|42.604|407.776
155|VAUD|5.6269|46.981|222.421
156|VILL|-3.952|40.444|595.399
157|VILR|5.5518|45.073|1024.864
158|VISN|4.9492|44.32|195.236
159|WSRT|6.6045|52.915|40.519
160|WTZR|12.879|49.144|619.207
161|ZERM|7.732|46.001|1876.419
162|ZIMM|7.4653|46.877|906.719
